00000000 000 10301100 00000000 00000000 00000000 00000000 00000000 00000000 00000000 00000000 00000000 00000000 00000000 00000000 00000000 00000000 00000000 00000000
00000001 002 10401100 00000000 00000100 00000000 00003040 00000000 00000000 00000000 00000000 00000000 00000000 00000000 00000000 00000000 00000000 00000000 00000000
00000002 004 10501100 00000000 00000101 00000000 00003040 00001E40 00000000 00000000 00000000 00000000 00000000 00000000 00000000 00000000 00000000 00000000 00000000
00000003 006 10601100 00000000 00000102 00000000 00003040 00001E40 00001E60 00000000 00000000 00000000 00000000 00000000 00000000 00000000 00000000 00000000 00000000
00000004 008 07731008 00000000 00000103 00000000 00003040 00001E40 00001E60 00003060 00000000 00000000 00000000 00000000 00000000 00000000 00000000 00000000 00000000
00000005 009 03831100 00000000 00000008 00000000 00003040 00001E40 00001E60 00003060 00000030 00000000 00000000 00000000 00000000 00000000 00000000 00000000 00000000
00000006 00B 07941008 00000000 000000FF 00000000 00003040 00001E40 00001E60 00003060 00000030 00000040 00000000 00000000 00000000 00000000 00000000 00000000 00000000
00000007 00C 03A51100 00000000 00000008 00000000 00003040 00001E40 00001E60 00003060 00000030 00000040 0000001E 00000000 00000000 00000000 00000000 00000000 00000000
00000008 00E 00B70000 00000000 000000FF 00000000 00003040 00001E40 00001E60 00003060 00000030 00000040 0000001E 00000060 00000000 00000000 00000000 00000000 00000000
00000009 00F 0C1B9100 00000000 00000000 00000000 00003040 00001E40 00001E60 00003060 00000030 00000040 0000001E 00000060 00000030 00000000 00000000 00000000 00000000
0000000A 023 00301100 00000000 00000023 00000000 00003040 00001E40 00001E60 00003060 00000030 00000040 0000001E 00000060 00000030 00000000 00000000 00000000 00000000
0000000B 025 00F71100 00000000 00000200 00000000 00000200 00001E40 00001E60 00003060 00000030 00000040 0000001E 00000060 00000030 00000000 00000000 00000000 00000000
0000000C 027 113F1000 00000000 00000200 00000000 00000200 00001E40 00001E60 00003060 00000030 00000040 0000001E 00000060 00000030 00000000 00000000 00000000 00000230
0000000D 028 15000000 00000000 00000000 00000000 00000200 00001E40 00001E60 00003060 00000030 00000040 0000001E 00000060 00000030 00000000 00000000 00000000 00000230
