00000000 000 10A10100 00000000 00000000 00000000 00000000 00000000 00000000 00000000 00000000 00000000 00000000 00000000 00000000 00000000 00000000 00000000 00000000
00000001 002 00B10001 00000000 00000100 00000000 00000000 00000000 00000000 00000000 00000000 00000000 00000000 00000006 00000000 00000000 00000000 00000000 00000000
00000002 003 0A1A0100 00000000 00000001 00000000 00000000 00000000 00000000 00000000 00000000 00000000 00000000 00000006 00000001 00000000 00000000 00000000 00000000
00000003 005 02BBA000 00000000 00000005 00000000 00000000 00000000 00000000 00000000 00000000 00000000 00000000 00000006 00000001 00000000 00000000 00000000 00000000
00000004 006 00AA10FF 00000000 00000000 00000000 00000000 00000000 00000000 00000000 00000000 00000000 00000000 00000006 00000006 00000000 00000000 00000000 00000000
00000005 007 0A1A0100 00000000 FFFFFFFF 00000000 00000000 00000000 00000000 00000000 00000000 00000000 00000000 00000005 00000006 00000000 00000000 00000000 00000000
00000006 005 02BBA000 00000000 00000005 00000000 00000000 00000000 00000000 00000000 00000000 00000000 00000000 00000005 00000006 00000000 00000000 00000000 00000000
00000007 006 00AA10FF 00000000 00000000 00000000 00000000 00000000 00000000 00000000 00000000 00000000 00000000 00000005 0000001E 00000000 00000000 00000000 00000000
00000008 007 0A1A0100 00000000 FFFFFFFF 00000000 00000000 00000000 00000000 00000000 00000000 00000000 00000000 00000004 0000001E 00000000 00000000 00000000 00000000
00000009 005 02BBA000 00000000 00000005 00000000 00000000 00000000 00000000 00000000 00000000 00000000 00000000 00000004 0000001E 00000000 00000000 00000000 00000000
0000000A 006 00AA10FF 00000000 00000000 00000000 00000000 00000000 00000000 00000000 00000000 00000000 00000000 00000004 00000078 00000000 00000000 00000000 00000000
0000000B 007 0A1A0100 00000000 FFFFFFFF 00000000 00000000 00000000 00000000 00000000 00000000 00000000 00000000 00000003 00000078 00000000 00000000 00000000 00000000
0000000C 005 02BBA000 00000000 00000005 00000000 00000000 00000000 00000000 00000000 00000000 00000000 00000000 00000003 00000078 00000000 00000000 00000000 00000000
0000000D 006 00AA10FF 00000000 00000000 00000000 00000000 00000000 00000000 00000000 00000000 00000000 00000000 00000003 00000168 00000000 00000000 00000000 00000000
0000000E 007 0A1A0100 00000000 FFFFFFFF 00000000 00000000 00000000 00000000 00000000 00000000 00000000 00000000 00000002 00000168 00000000 00000000 00000000 00000000
0000000F 005 02BBA000 00000000 00000005 00000000 00000000 00000000 00000000 00000000 00000000 00000000 00000000 00000002 00000168 00000000 00000000 00000000 00000000
00000010 006 00AA10FF 00000000 00000000 00000000 00000000 00000000 00000000 00000000 00000000 00000000 00000000 00000002 000002D0 00000000 00000000 00000000 00000000
00000011 007 0A1A0100 00000000 FFFFFFFF 00000000 00000000 00000000 00000000 00000000 00000000 00000000 00000000 00000001 000002D0 00000000 00000000 00000000 00000000
00000012 005 02BBA000 00000000 00000005 00000000 00000000 00000000 00000000 00000000 00000000 00000000 00000000 00000001 000002D0 00000000 00000000 00000000 00000000
00000013 006 00AA10FF 00000000 00000000 00000000 00000000 00000000 00000000 00000000 00000000 00000000 00000000 00000001 000002D0 00000000 00000000 00000000 00000000
00000014 007 0A1A0100 00000000 FFFFFFFF 00000000 00000000 00000000 00000000 00000000 00000000 00000000 00000000 00000000 000002D0 00000000 00000000 00000000 00000000
00000015 009 11B10100 00000000 00000005 00000000 00000000 00000000 00000000 00000000 00000000 00000000 00000000 00000000 000002D0 00000000 00000000 00000000 00000000
00000016 00B 15000000 00000000 00000101 00000000 00000000 00000000 00000000 00000000 00000000 00000000 00000000 00000000 000002D0 00000000 00000000 00000000 00000000
